192674.18328334746
192223.66973448492
193020.29914130195
193093.55056507146
193012.29899730452
191830.72586746243
192797.3742672722
192693.26816165354
193037.4864354824
193080.75320691214
192464.62335333208
192783.36697422218
190289.94737814015
193052.82185618323
190323.6219167707
189761.74252038242
190027.3742155505
192548.99393272988
193008.72800239536
192824.91069312335
193083.30703306306
192880.8368595012
193089.1950207416
192017.20739643415
192703.20037894577
190608.46329646604
192939.78022304043
192700.50482781453
192749.57141727698
192856.52085486514
192911.4034358497
192665.05562569798
192912.69870673693
193049.44579470117
189976.5435477899
191552.07251218063
188321.64050429148
191884.0452801224
191785.63664998618
190206.84341437626
193069.39081260443
189937.4915838384
192391.66248189527
191928.32797821457
192331.1791141647
192884.58414245714
192402.49821379155
192217.42158501843
192942.15754108678
192932.02164582518
192662.22394015203
193063.46232463297
193092.54182186283
193048.60540205255
192948.8873473805
192568.59051766517
193092.12368159156
192856.74601021907
2759938.5864067147
193038.53298314108
193085.59857583971
193092.29627628974
193090.74335063435
192956.0793523264
192978.05468605386
193088.87678880861
193072.9126484971
193085.37634990763
193093.322374544
193076.31348835028
193030.92662598754
193092.8445168333
192965.28346290113
193089.50666585154
192999.14482488015
193091.73427104487
193092.8287275045
193092.8470023356
193072.0369302229
193092.95426789403
192997.0294066293
193092.16702118938
193083.8031754026
193087.12225412444
193092.41606773195
193092.68967370526
193090.28911565125
193090.2091053831
193093.18346981623
193092.24804219996
193083.56020454504
193093.00808810611
193090.74771113336
193055.94024879724
193061.12752818712
193086.63348578342
193093.22847753382
193018.81029378672
193086.07243078153
193015.82763140285
193089.07573307506
193055.5919145557
193019.4244828227
193093.0538666718
193075.1251028107
193069.801407109
193075.12944180268
193060.6427436619
193044.3171611178
193093.2044851959
193074.4623860879
193059.7518838983
193086.22904878473
193093.11311969592
193091.5679554278
193092.80603711348
193038.53298314108
18487477.95228032
192973.86898643043
193093.5250929063
193014.16399403714
716332.8755767619
471456.0610785506
1155268.3044547508
225948.3749325519
193092.94180159635
192566.34365274938
193076.56026019482
192953.7398670372
192197.43655508105
193092.44613050888
192970.62702156056
192963.77357407662
193074.2019059341
193050.22479987898
193051.3026454125
193075.5914039085
193093.27575554
193029.64976611952
193082.366957845
193085.18103633105
193092.92737603965
193089.51409087723
193062.7051424092
193088.25185372992
193056.3966427107
193091.38802986717
193075.95132495704
193079.00518931268
193090.5460678911
193044.11026935972
193058.4909396966
193002.89210324985
192106.7443260866
192975.7390568092
192959.52254982607
192715.78307870944
192956.98005325638
193085.2057297661
192721.80704123873
192824.0163715189
192875.81024916365
192850.71430275094
192804.2389051491
193053.04370267317
192858.92740876772
192738.91144630796
193079.50247225142
192951.56381979393
192965.73944749392
193084.94025554185
193044.09208252176
193089.54149481954
193092.94566382337
193085.59857583971
192973.86898643043
193093.30698553246
193093.33011005656
193093.32438348825
193060.20242063218
193074.11135922832
193091.111920378
193088.90855347426
193094.20014096735
193074.4730680437
193092.34741948504
193072.0678548486
193054.46073661008
193089.83164372316
193074.27513556922
193056.52710771275
193093.11749759817
193090.35557220844
193089.28478673517
193093.271249542
193092.52087279313
193093.23598192682
193088.42515005224
193092.14756641246
193088.47674890116
193092.81095361995
193091.2232810972
193092.36322275136
193091.83347133762
193088.70373535863
193092.95832690794
193093.03797900325
193092.83737108513
193077.18721909449
193089.01260809542
193073.7011029814
193030.9401861099
193084.292585221
193057.88059011448
193080.16033008412
193070.63062935203
193089.6097423177
193057.5781986144
193071.68659418498
193083.62843651255
193070.00749357024
193073.5684213462
193084.20564565453
193091.6887806105
193072.73758110197
193092.6250534095
193092.76789389364
193093.83991377547
193092.93030774212
193091.47136415896
193092.44341520293
193092.60213544578
193092.29627628974
193093.5250929063
193093.33011005656
193093.33190908047
193093.33317761423
193093.4514538579
193093.4446806052
193093.27861629255
193093.30919507047
193093.48222545133
193093.1372958524
193092.87460892717
193087.44041142392
193093.31299178244
193093.33054702077
193093.04921837375
193092.75182363333
193091.84186730435
193093.2994355772
193092.8810369296
193093.03795473487
193091.987282927
193093.25605823897
193089.96758893438
193093.26832755486
193091.60625878657
193093.33068120925
193093.3283928056
193093.3311487708
193092.9515576906
193092.70346104752
193091.2086469038
193093.2581897423
193093.30479219864
193089.85464654068
193085.61092299447
193081.64582365187
193092.8388217371
193093.181410887
193092.9239872844
193093.16674611872
193092.6944130776
193094.2509118916
193093.54375274363
193094.00309056943
193093.7323857439
193094.27888339793
193093.8874914704
193094.35874899203
193093.64083825366
193094.27736887021
193093.970458369
193093.8456282467
193093.5557444545
193092.5977662584
193093.3098280302
193093.3291439144
193092.38879620295
193090.74335063435
193014.16399403714
193093.32438348825
193093.33317761423
193093.33363141277
193054.14717101408
193082.38454311638
193087.99803507293
193091.87698211017
193091.288895305
193076.36825805545
193092.46869102126
193075.72365342974
193079.72563692823
193092.69525809298
193091.707145832
193084.1828763488
193093.42214683478
193091.89694947965
193091.41016176608
193093.28736694847
193093.3490839895
193093.30662644622
193088.5281753377
193092.24158402058
193088.47151229804
193092.902026773
193091.9883615906
193092.26944809948
193091.39377996486
193090.75988751167
193091.7984135348
193093.20083719888
193092.61068649503
193082.56864974808
193086.25252614942
193074.46676893497
193072.68863808943
193091.05305326346
193082.0938361677
193089.17090984082
193087.00262583254
193088.91493473484
193074.85828347248
193087.0390589482
193091.40056327957
193082.8658429642
193089.1747033008
193082.7333342811
193094.5101010623
193082.68456053245
193093.85615501562
193093.13870628082
193094.11284859755
193090.53215251205
193092.47670595773
193090.36862796772
193090.23634686606
192956.0793523264
716332.8755767619
193060.20242063218
193093.4514538579
193054.14717101408
15254986.027441172
1335899.3222156996
602203.3392388104
222856.59142043634
193033.11616739634
193025.58184855693
193076.15783007967
193092.08495292446
193008.74601649903
193078.98855482088
192901.7530257257
193086.75438581198
193032.86914249934
193087.56889333628
193077.20180643085
193090.47307928067
193005.4087156987
193076.72784164414
193091.30098582665
193093.04762710087
193092.45482613615
193092.98223467395
193091.55266489898
193091.239662058
193078.07471782298
193079.83944917336
193086.0559698002
193048.73937618907
193093.14873931493
192969.8649596071
193052.49211973272
192925.67676796
192935.6871138614
193079.82290217382
193092.87772606732
193074.42084881946
192997.51463565783
193041.90434512132
193072.51679622603
193081.00255838662
193092.33017795038
193070.43812111038
193093.14198720557
193040.65869699692
193056.04082434162
192882.96405017155
193022.63735379107
192901.19151170625
193081.73181997557
193093.26156564054
193043.991226096
193074.3717824902
193086.56885466262
192978.05468605386
471456.0610785506
193074.11135922832
193093.4446806052
193082.38454311638
1335899.3222156996
58137939.72775036
384004.5456396954
200114.54606094988
193080.93915778855
192956.08818884022
193061.51008897362
192985.9144159827
193027.7214689804
207830.3079396125
192973.32425932033
193044.73921564987
193054.18603363505
193063.27785949595
193042.6262142855
193090.84600280953
193053.0025060638
193083.44636833406
193093.0371253407
193059.70112829696
193051.92580698334
193043.0898649998
222004.86315199072
193093.32296386667
193069.010304981
193080.41552547287
193059.53332832913
193090.93966577272
193092.12694111842
198622.36392658888
193090.6156247814
193071.51773240976
193093.2870671505
193074.21003906126
193078.81784782224
192733.7819131414
192913.42110563538
193084.83048438103
193083.4837570203
193093.27064678769
193009.70242494746
193040.6678439011
193043.36102543285
193066.91322734847
193023.3993867168
193071.6465965192
193079.34731897598
193079.86937890432
193070.36891095433
193085.16867584587
193091.32591698616
193072.52719574003
193093.31584000803
193088.87678880861
1155268.3044547508
193091.111920378
193093.27861629255
193087.99803507293
602203.3392388104
384004.5456396954
20261132.722680606
193092.12192087437
193078.0303262662
193028.81735160138
192985.0856247684
193030.31643200212
193028.83978659663
192990.86487090078
193005.10511202682
192553.92646647058
192985.11203393844
193090.27410233874
193076.0322916774
193089.36284511336
192963.34771255046
193093.22204600158
193090.56012203233
193085.0650231554
193056.96734554012
193093.20982705135
193074.45458102328
193090.9128000795
193055.97194397583
193088.43481359215
193059.4385773575
193030.93890291295
193093.1363255151
193089.64209229258
193053.37377445464
193054.07128664714
192690.91920044602
193060.83757054998
192869.3485754406
193054.18585896766
193083.44154563235
193045.4416079038
193093.326319944
193068.23020270068
193084.61488169478
193085.19542963043
193057.05379080464
192988.7057220788
192928.63522319292
193092.30708684865
193054.3863978957
193069.9933911401
193081.32620568646
193061.72441395783
193092.74498145093
193092.9621306108
193052.7921965557
193072.9126484971
225948.3749325519
193088.90855347426
193093.30919507047
193091.87698211017
222856.59142043634
200114.54606094988
193092.12192087437
48684275.752483904
193082.01399681167
193076.84583631146
193072.8374796178
244409.5021453188
192990.41078783272
193092.53229753065
192946.4283521145
192382.6411105763
193086.97258285322
193093.26367739373
193093.3094869888
193081.09321262242
193075.07019081918
193041.8549608679
192950.02203046004
193092.50300431938
193004.01507724557
193067.69104593995
193092.7659485771
193093.04014812649
193090.4266490466
193085.71526032407
193085.37515922292
193082.19643361014
193090.809629266
193091.94082005127
193075.68144677576
193082.01356317344
193060.5666564451
193088.02243279273
192585.11172626284
326169.0641277436
193047.47750484644
193058.1433552269
193055.5558188493
193031.06829921954
288278.6385980994
193031.21183089964
193016.15180731536
193005.2706785632
192999.4545810922
192974.07733323175
193033.47195879917
192967.9792640675
192978.7119004387
193081.7557075626
193073.1453110454
193093.2741157515
193092.39692295995
193085.37634990763
193092.94180159635
193094.20014096735
193093.48222545133
193091.288895305
193033.11616739634
193080.93915778855
193078.0303262662
193082.01399681167
16722313.981648799
193007.8863225795
193085.69262379533
193041.10796208846
193092.80655534143
192713.84972542696
193034.0515684069
192800.7303167383
193091.93754798864
193093.0659228448
193093.30161246087
193092.78677702165
193088.07357077146
193106.779688672
193092.80449753237
193069.3102227641
193038.01127188906
193037.93025856762
193022.36723174562
193028.12084481603
193092.61225835525
193091.7732258611
193090.56290392816
193089.17835707427
193092.83575586093
193085.22581507824
193093.3256372705
193089.04998168297
193067.6749806988
193090.10994733204
192785.73941049335
193053.62249006884
193067.3548281467
2997225.794256789
193071.79942564075
490225.3117940568
263348.26191402384
2622048.8587083896
405645.1029378142
2015773.6277330772
193091.14595309505
1326645.1876981643
440805.1817946886
337390.71284108784
193092.76747641506
193093.30610621977
193073.23681694202
193093.28044924253
193093.3091247252
193093.322374544
192566.34365274938
193074.4730680437
193093.1372958524
193076.36825805545
193025.58184855693
192956.08818884022
193028.81735160138
193076.84583631146
193007.8863225795
2227661.161420186
193036.87384005846
192836.27733187948
193092.39427874013
193023.64671746464
193092.08656400413
193054.5180052287
193073.77628061885
193087.5672388934
193067.1151193179
552902.7421504566
193046.9632497987
193083.93927480973
193042.32746811808
193090.15978008218
193093.08827669776
193093.08507428615
193093.1284606313
193092.603966904
193084.85488821694
193073.8712593998
193091.46828651425
193086.03848455273
193068.29148330085
192991.88612324075
192974.4585957019
192856.89388610906
193042.77901185764
192862.7736902939
193049.33282057193
193091.77020766563
193083.0631849353
193047.08488354445
193013.45744673314
193083.17194065856
192866.86446769856
193030.8270953587
192828.7557219136
192967.51478619303
193092.96391388736
192884.75002721883
192919.79843856703
192725.37012082821
193087.2092579467
193073.649767126
193090.98787119385
193088.50680527193
193090.16470749746
193076.31348835028
193076.56026019482
193092.34741948504
193092.87460892717
193092.46869102126
193076.15783007967
193061.51008897362
192985.0856247684
193072.8374796178
193085.69262379533
193036.87384005846
14471573.757090805
192991.33614449663
192720.07523817665
190608.9682456757
191157.7629663239
193012.69734501385
193086.87928457645
193085.03355245275
193089.90921781832
193085.81833322058
193080.56588594714
192913.9214479406
193065.95705843176
193092.5884109027
193093.28587786772
193093.17478174955
193039.667234897
193079.45857844164
193090.58388658953
193075.59137801037
193082.74497850574
193091.94697282003
193082.70938798328
193091.2156833985
193075.25081127818
193074.80695901482
192927.4053407164
193089.02319774
193081.00458978754
193093.12643330288
297748.83664520516
193091.20386527388
193092.22699825198
193091.53202026503
193090.66624631805
193091.69501424802
193088.09236493064
193081.44329982717
193085.29652761185
193086.4234523367
193093.21863506254
193093.07062821818
193084.67134091898
193092.78840129386
193087.9135672692
193089.37849101837
193089.20314473563
193030.92662598754
192953.7398670372
193072.0678548486
193087.44041142392
193075.72365342974
193092.08495292446
192985.9144159827
193030.31643200212
244409.5021453188
193041.10796208846
192836.27733187948
192991.33614449663
3682175.3934305054
191819.04475290945
192714.40861259407
193090.63049807888
185125.935879394
193075.29850174635
193068.68456262574
193069.77105484196
193082.15621023273
193063.01923546472
193092.86387036732
192975.18784414203
193061.87345471035
193075.87177342942
193084.46570376912
193091.9945236597
193081.31036493427
193075.81616698543
193092.45776973522
193084.57706396832
193092.59414593017
193091.97894391316
193091.9731921809
192954.8184909777
192998.33764841827
192825.27857697028
1264195.9438150718
188693.72506909544
192677.71480726046
192954.25379412877
192850.5157005119
193080.910165045
192833.45548984723
192858.79111452028
193092.70322020422
193092.09296545456
192957.40813656044
193028.98835127882
192751.80861618524
192913.8689754311
192950.5526337378
193084.11853617078
193071.0178746514
193064.8081257153
193081.64703665633
193046.7848666072
193092.8445168333
192197.43655508105
193054.46073661008
193093.31299178244
193079.72563692823
193008.74601649903
193027.7214689804
193028.83978659663
192990.41078783272
193092.80655534143
193092.39427874013
192720.07523817665
191819.04475290945
4791793.569870715
190557.87754478282
190727.88688487237
191812.86195269
193013.19074239925
193090.41249116976
193092.11210666902
200283.24408878828
192909.7677638464
192951.46770009323
193008.59175642882
193054.70441028863
192970.77341365715
193075.2288411315
193083.57508209167
193076.2310311148
193091.68269985061
193091.744247415
193091.2916369304
193090.89381558247
193093.2695517291
193092.92780589417
193091.95789406556
193093.11365964933
2182869.0561734797
192885.70978257753
192419.43151246707
193090.52363265195
190738.07165143776
193066.01207121628
193062.73679660802
193020.79323095252
192808.69644051854
193019.53593832618
193001.39261036986
193092.03716187942
192815.80072721725
192943.94311506546
192966.92580242516
192500.60969428704
192923.0775767792
193071.79357224185
193084.13744389944
193071.1561896622
193084.21292198653
192965.28346290113
193092.44613050888
193089.83164372316
193093.33054702077
193092.69525809298
193078.98855482088
207830.3079396125
192990.86487090078
193092.53229753065
192713.84972542696
193023.64671746464
190608.9682456757
192714.40861259407
190557.87754478282
12880786.199023785
187042.91878316904
192631.18710104295
193085.48152769468
193087.71761603418
194899.51530203308
206419.23760503143
193063.06420427072
192753.01368980063
193090.76387851982
193042.230631397
193033.54084310753
193093.04547012484
193071.9943041546
193092.90742886253
193091.20038674297
193093.26992386306
193087.21422994978
193052.65210694485
193092.5271397091
193090.13078137801
192938.9458407681
192998.54126506843
191446.77471966567
192823.94900402188
193031.72410465372
192953.12783491172
191274.73504118068
193091.6096786457
193053.57513867537
192824.19159284938
193086.4316921272
192753.91226541088
193025.3723541969
193076.8603593221
192783.22310703865
193088.54425898253
193088.44174288242
193090.3999827116
193080.1463149195
193061.81167743786
193093.15763518593
193081.61127885402
193072.0078199916
193089.50666585154
192970.62702156056
193074.27513556922
193093.04921837375
193091.707145832
192901.7530257257
192973.32425932033
193005.10511202682
192946.4283521145
193034.0515684069
193092.08656400413
191157.7629663239
193090.63049807888
190727.88688487237
187042.91878316904
3842330.42966104
193076.17171627693
193078.1740144436
193079.16199591756
193042.2780335297
193054.65412263566
193093.28889897186
193040.56921544188
193082.16059583813
192729.86217422964
192104.33589707164
193093.23756437414
193078.4677494574
193086.5819637947
193093.28603211025
193093.2675222177
193092.11247579558
193093.31030529956
193086.1492231114
193070.21158004622
192945.44690360504
193072.29394389957
189567.95017977996
192992.7226502883
193063.21455282893
191316.98726598307
1555072.4818374556
193089.2690525693
193044.96670597294
192971.3990678621
193092.1284737663
193089.51028559866
193025.8268445073
193091.67251322744
193087.2987687494
193091.3329575689
193068.4003284087
193092.67291304615
193053.11976923875
192998.8803231472
193092.09724679153
193056.63872697396
193074.85264846752
192999.14482488015
192963.77357407662
193056.52710771275
193092.75182363333
193084.1828763488
193086.75438581198
193044.73921564987
192553.92646647058
192382.6411105763
192800.7303167383
193054.5180052287
193012.69734501385
185125.935879394
191812.86195269
192631.18710104295
193076.17171627693
3272026.7383303377
193061.67711372417
193056.53889679076
193023.80229583816
192996.68157119513
192995.66780564844
193009.15440245127
193086.3903230488
192885.82507667365
192525.57283033687
193059.76285388682
193072.43245112398
193065.60537920447
193071.11834128262
193093.30179211457
193093.05506381512
193068.92434963948
193086.1603064403
193091.67796999385
193072.56438341705
193074.39388294186
192663.5414941942
188811.43917733658
2131818.8677154714
190570.35426021987
193086.9363726688
192974.60622944697
192625.75208344433
192504.0497740202
193092.48573647407
192958.60088439082
192632.59570397946
192909.61431055013
193067.30581387
192950.50097771568
193088.86665059207
192995.26424169893
192958.65958677203
192938.49572431156
193013.61826793407
192963.77136559412
193008.87021072363
193091.73427104487
193074.2019059341
193093.11749759817
193091.84186730435
193093.42214683478
193032.86914249934
193054.18603363505
192985.11203393844
193086.97258285322
193091.93754798864
193073.77628061885
193086.87928457645
193075.29850174635
193013.19074239925
193085.48152769468
193078.1740144436
193061.67711372417
6694747.301671034
193089.67133499088
193029.32006183584
193058.86317449782
4676984.686300224
682212.7880043702
192860.62357427838
192976.1806501093
192684.95422366614
193048.38618799168
192813.60137280836
192915.76403094424
193093.32607806963
193093.2866588102
193066.41970079037
193091.99143497224
193092.84521501197
193065.01704569225
193090.73719835636
193071.6898949774
193034.07223191092
193072.54552014597
193040.40302540024
193036.34147687827
193073.590800106
193062.75941896893
193043.40571420116
193087.84463579775
193089.10504861432
193080.21629308918
193078.94200453235
193045.90871209616
193090.10567715607
193065.57290515795
193091.22916530614
193093.1506499465
193091.68452681572
193092.0400532531
193091.44297256408
193091.33864980363
193090.4860337577
193092.8287275045
193050.22479987898
193090.35557220844
193093.2994355772
193091.89694947965
193087.56889333628
193063.27785949595
193090.27410233874
193093.26367739373
193093.0659228448
193087.5672388934
193085.03355245275
193068.68456262574
193090.41249116976
193087.71761603418
193079.16199591756
193056.53889679076
193089.67133499088
754908281.629525
395395486.43438596
193087.23371489416
193092.81235842622
193070.21703515388
193093.2496333089
94423049.07656154
13591682.301356371
193092.49850525503
229619.2728607392
199302.34995629705
193144.07957531745
193076.18361655428
193089.80990873696
193092.1565896518
193092.47720336838
193069.58279537348
193074.33335147356
193053.8954209144
193092.22467824788
193082.3729416831
193073.71106251207
193067.40029612868
193093.32170206844
193090.1768063725
193092.42449446005
193067.33129751222
193089.38077048172
193089.44039257854
193092.1199530558
193089.8359076346
193080.94016896706
193075.7686912416
193092.2579706486
193085.60543487302
193093.3188884297
193092.8181867605
193090.21789017328
193090.753250274
193093.2305375206
193092.8470023356
193051.3026454125
193089.28478673517
193092.8810369296
193091.41016176608
193077.20180643085
193042.6262142855
193076.0322916774
193093.3094869888
193093.30161246087
193067.1151193179
193089.90921781832
193069.77105484196
193092.11210666902
194899.51530203308
193042.2780335297
193023.80229583816
193029.32006183584
395395486.43438596
516222167.08278406
193086.60194278156
193054.70031373555
193024.2194180254
193091.5247499443
47189885.3747407
10254328.648175327
193092.9863029311
203953.57735286953
195646.74049111773
193086.86394692073
193081.4275500771
193093.2856048672
193093.3218045929
193090.819397535
193067.40128402272
193068.6303937636
193046.29040441243
193092.49903673815
193079.84810895257
193034.72392465078
193060.70432000258
193078.07519404168
193093.3116684708
193092.72142907648
193074.3973220114
193084.84545849668
193093.27193037287
193093.30228557732
193093.15177636387
193071.67458146627
193087.45327603907
193091.37022726014
193084.20446128506
193093.2756447057
193093.31472251864
193089.3809651893
193089.98223031146
193093.32594018066
193072.0369302229
193075.5914039085
193093.271249542
193093.03795473487
193093.28736694847
193090.47307928067
193090.84600280953
193089.36284511336
193081.09321262242
193092.78677702165
552902.7421504566
193085.81833322058
193082.15621023273
200283.24408878828
206419.23760503143
193054.65412263566
192996.68157119513
193058.86317449782
193087.23371489416
193086.60194278156
111739740.93710555
193064.88736735217
1991733.61539835
555209.3654433613
193090.64619739944
193092.95043811263
198165.5924002862
194503.023514884
196235.26249624477
193093.25832499276
193088.39486806167
193093.17790557927
193092.5618856099
193090.43591866412
193052.11584512453
193093.0756385414
193069.00672634057
193067.11626943035
193078.23091757292
193071.95024507196
193087.28059264843
193044.29649486425
193082.12369530243
193089.4297368874
193082.47075328202
193075.22827063108
193092.7748364845
193093.25086239874
193050.3649917036
193093.29368140775
193034.9557094465
193080.1976694978
193072.9149494152
193092.48633447947
193082.10175346833
193089.20971102576
193088.84626657882
193093.11980820957
193092.95426789403
193093.27575554
193092.52087279313
193091.987282927
193093.3490839895
193005.4087156987
193053.0025060638
192963.34771255046
193075.07019081918
193088.07357077146
193046.9632497987
193080.56588594714
193063.01923546472
192909.7677638464
193063.06420427072
193093.28889897186
192995.66780564844
4676984.686300224
193092.81235842622
193054.70031373555
193064.88736735217
8656057.82798042
973443.1156780934
192980.3189396741
193030.73668132693
192963.0310499666
192972.85426940193
192771.98439482925
192778.33411276422
193078.22225854904
193092.78165842884
193068.87691951837
193093.1468969924
193093.3099098299
193086.07119135014
193093.29557721099
193089.8670140543
193012.47967475405
193089.9644030382
192959.56794785883
193069.4753085815
193091.942569566
193059.33625329673
193020.0809569312
193070.8578940844
193083.879253871
193048.68356093374
193062.20521662734
193041.69566514815
193084.72886853266
193072.14141595046
193081.83109573898
193087.31176913614
193093.04711767015
193093.32589653064
193090.51895191928
193082.95335730448
193091.1003613799
192997.0294066293
193029.64976611952
193093.23598192682
193093.25605823897
193093.30662644622
193076.72784164414
193083.44636833406
193093.22204600158
193041.8549608679
193106.779688672
193083.93927480973
192913.9214479406
193092.86387036732
192951.46770009323
192753.01368980063
193040.56921544188
193009.15440245127
682212.7880043702
193070.21703515388
193024.2194180254
1991733.61539835
973443.1156780934
3322154.7793151634
193091.84469275034
193092.11495716718
193093.26261729724
193089.24632182048
193038.42716163181
193055.5336520564
193063.6359681544
193093.26520217076
193084.84899097704
193092.9913977573
193055.42428010912
193052.60801736583
193009.44417681286
192965.5878878206
193054.10319246253
193038.7439253373
193072.15819235545
193088.75158418692
192927.6815314925
193092.95775080376
193092.3841968965
193082.13996117027
193082.1114903315
193091.74177568464
193092.40941922262
193084.94659896498
193089.33754335644
193082.1029224738
193090.89846389904
193092.59101394354
193084.31271370663
193066.77246484207
193072.04568797926
193070.97550085
193092.93121170937
193092.16702118938
193082.366957845
193088.42515005224
193089.96758893438
193088.5281753377
193091.30098582665
193093.0371253407
193090.56012203233
192950.02203046004
193092.80449753237
193042.32746811808
193065.95705843176
192975.18784414203
193008.59175642882
193090.76387851982
193082.16059583813
193086.3903230488
192860.62357427838
193093.2496333089
193091.5247499443
555209.3654433613
192980.3189396741
193091.84469275034
1464589.3397995497
193091.64066172077
193014.69564522567
193089.4270076204
193093.0023735437
193093.03912895967
193077.48112550366
193093.3259138015
193082.47614014306
193088.19258295742
193063.206944916
193073.82930146973
193092.4867345765
193087.05506767012
192983.49097780904
193031.82047225296
193082.87588413153
193076.99591641407
193077.57775659443
193092.90608707126
193073.142088042
193089.95258949857
193079.99780578085
193085.72937043416
193082.2887272111
193093.32313019037
193088.669919883
193084.12892512762
193048.8192348114
193042.09237361088
193092.30942956358
193061.03400023474
193092.62047919116
193081.5585828842
193088.49375311265
193083.8031754026
193085.18103633105
193092.14756641246
193093.26832755486
193092.24158402058
193093.04762710087
193059.70112829696
193085.0650231554
193092.50300431938
193069.3102227641
193090.15978008218
193092.5884109027
193061.87345471035
193054.70441028863
193042.230631397
192729.86217422964
192885.82507667365
192976.1806501093
94423049.07656154
47189885.3747407
193090.64619739944
193030.73668132693
193092.11495716718
193091.64066172077
159955437.79296124
38020716.01970229
193324.4854266373
640187.054858076
383164.00673537457
193089.29190013587
193090.10136216608
193085.2400739707
193090.8858838364
193085.47179857243
193085.79781276183
193090.27668795173
193082.45621353906
193092.68373077418
193038.30014028368
192925.11723040187
193092.9966029931
192846.9691678486
193093.22933743795
193091.8592958322
193091.86143591386
193088.9284828423
193088.08234428577
193092.28872763904
193070.15872450048
193091.46791333257
193080.75158419847
193077.16956046602
193073.50823352326
193092.80387611006
193090.6074591588
193093.32623837414
193067.85289320938
193091.5880759334
193087.12225412444
193092.92737603965
193088.47674890116
193091.60625878657
193088.47151229804
193092.45482613615
193051.92580698334
193056.96734554012
193004.01507724557
193038.01127188906
193093.08827669776
193093.28587786772
193075.87177342942
192970.77341365715
193033.54084310753
192104.33589707164
192525.57283033687
192684.95422366614
13591682.301356371
10254328.648175327
193092.95043811263
192963.0310499666
193093.26261729724
193014.69564522567
38020716.01970229
32651272.5135775
193093.2417287987
361958.4881320722
286105.6517969948
193078.89434330008
193089.770180308
193087.07827518572
193092.66686622004
193072.9211065202
193076.73457983858
193081.16673502512
193062.4760864718
193056.2329166087
193093.16748566832
192675.29092275578
193091.99370286448
192440.87024192477
193091.9732304772
193089.5361367892
193069.26819746243
193093.20912607003
193092.62985016545
193047.62830958472
193079.68194029818
193083.88310390338
193093.32437273374
193090.54422577994
193086.41652992947
193091.41518647692
193071.4533333842
193091.825418633
193059.7316992319
193087.801676682
193092.41606773195
193089.51409087723
193092.81095361995
193093.33068120925
193092.902026773
193092.98223467395
193043.0898649998
193093.20982705135
193067.69104593995
193037.93025856762
193093.08507428615
193093.17478174955
193084.46570376912
193075.2288411315
193093.04547012484
193093.23756437414
193059.76285388682
193048.38618799168
193092.49850525503
193092.9863029311
198165.5924002862
192972.85426940193
193089.24632182048
193089.4270076204
193324.4854266373
193093.2417287987
417244435.45913947
22047011.795770124
181751203.29272726
193091.022133013
193090.54798565072
193092.81483068128
193058.24474101773
193088.19292369514
193071.75964594993
192973.37334695784
192998.87788349064
193058.71681644223
193088.36567529532
193065.66727942618
193078.61100290564
193088.6331991752
193093.06411199254
193091.1932534497
193093.3198668097
193092.42015231188
193092.80399473582
193092.70538156372
193093.13891879556
193093.32488816458
193093.1678018763
194120.85201299432
193091.65383453603
198587.9709040486
193092.93350507028
193084.60389338664
193092.11221113923
193073.91557805237
193092.68967370526
193062.7051424092
193091.2232810972
193093.3283928056
193091.9883615906
193091.55266489898
222004.86315199072
193074.45458102328
193092.7659485771
193022.36723174562
193093.1284606313
193039.667234897
193091.9945236597
193083.57508209167
193071.9943041546
193078.4677494574
193072.43245112398
192813.60137280836
229619.2728607392
203953.57735286953
194503.023514884
192771.98439482925
193038.42716163181
193093.0023735437
640187.054858076
361958.4881320722
22047011.795770124
150233706.30682588
95135991.70114794
193064.59956487495
193093.1358471892
193086.96118651616
193091.66704605555
193088.25226367405
193087.16662141404
193018.03966414413
193031.63849368028
193087.11405697087
193084.91900525222
193087.58320345706
193041.5883608675
193065.45277252904
193093.0090417255
193087.30945756013
193092.3278618252
193093.31409228404
193090.77349170082
193088.92370715478
193090.41531369035
193093.19986886435
193084.61274287317
193078.44007371334
193050.60726466286
193079.70893583354
193088.96539591756
193030.33561781415
193093.0793573584
193083.25122041444
193090.28911565125
193088.25185372992
193092.36322275136
193093.3311487708
193092.26944809948
193091.239662058
193093.32296386667
193090.9128000795
193093.04014812649
193028.12084481603
193092.603966904
193079.45857844164
193081.31036493427
193076.2310311148
193092.90742886253
193086.5819637947
193065.60537920447
192915.76403094424
199302.34995629705
195646.74049111773
196235.26249624477
192778.33411276422
193055.5336520564
193093.03912895967
383164.00673537457
286105.6517969948
181751203.29272726
95135991.70114794
237969447.8651096
193067.92818733977
193091.4816635323
193093.05890521815
193076.53672311126
193091.7437270096
193040.97907733472
192903.95968405096
192899.94735635532
193045.13718671075
193077.33823961206
193078.95099326843
193070.2055521251
193075.81851012685
193091.56084999946
193089.49444542365
193083.90507950567
193092.19729620512
193093.325872448
193085.76990122476
193092.04843071036
193089.1640216056
193093.1250429569
193093.1683480743
193088.05555719204
196342.95977953522
193091.26483670837
193043.87115749734
193092.09525792664
193074.34301855048
193090.2091053831
193056.3966427107
193091.83347133762
193092.9515576906
193091.39377996486
193078.07471782298
193069.010304981
193055.97194397583
193090.4266490466
193092.61225835525
193084.85488821694
193090.58388658953
193075.81616698543
193091.68269985061
193091.20038674297
193093.28603211025
193071.11834128262
193093.32607806963
193144.07957531745
193086.86394692073
193093.25832499276
193078.22225854904
193063.6359681544
193077.48112550366
193089.29190013587
193078.89434330008
193091.022133013
193064.59956487495
193067.92818733977
3757843.273763991
192557.7797354141
192268.40003980085
192562.22210353875
193056.8184332706
191332.48609706826
192404.60775741452
191096.58545332195
193084.5039817381
193083.12791989397
193083.74508352857
193087.0642396033
193092.75913097482
193074.54384347473
193082.984903738
193072.07124171147
193064.02884734294
193092.61825466715
193093.32527085143
193081.57751429483
193091.24371686397
193055.37079674623
193093.20951092814
193076.82415606594
193074.67460942295
193087.46451482628
193081.85804271145
193063.99149317556
193075.30823117777
193093.18346981623
193091.38802986717
193088.70373535863
193092.70346104752
193090.75988751167
193079.83944917336
193080.41552547287
193088.43481359215
193085.71526032407
193091.7732258611
193073.8712593998
193075.59137801037
193092.45776973522
193091.744247415
193093.26992386306
193093.2675222177
193093.30179211457
193093.2866588102
193076.18361655428
193081.4275500771
193088.39486806167
193092.78165842884
193093.26520217076
193093.3259138015
193090.10136216608
193089.770180308
193090.54798565072
193093.1358471892
193091.4816635323
192557.7797354141
3566685.122368908
192327.46935930452
192619.31057414124
193075.2841503067
191148.73277356537
192296.52801763813
190784.68402391847
193062.02465473066
193074.9272150395
193093.16366945588
193087.97847605433
193092.57057447414
193092.93380267598
193085.79936202546
193082.1972676183
193093.32225396752
193087.1139367357
193082.29871698318
193092.84894788402
193081.93068481024
193088.70900569242
193093.2572156336
193092.79793840562
193092.23738401555
193088.892050891
193093.31903356468
193090.24582951597
193089.73275656978
193092.24804219996
193075.95132495704
193092.95832690794
193091.2086469038
193091.7984135348
193086.0559698002
193059.53332832913
193059.4385773575
193085.37515922292
193090.56290392816
193091.46828651425
193082.74497850574
193084.57706396832
193091.2916369304
193087.21422994978
193092.11247579558
193093.05506381512
193066.41970079037
193089.80990873696
193093.2856048672
193093.17790557927
193068.87691951837
193084.84899097704
193082.47614014306
193085.2400739707
193087.07827518572
193092.81483068128
193086.96118651616
193093.05890521815
192268.40003980085
192327.46935930452
3480753.991757328
192335.6112092319
193002.44887896068
191474.08598844163
192507.6092475635
191267.87653858756
193091.87675462564
193093.24551797958
193091.84947091027
193089.03871413265
193076.55901692732
193091.76736425541
193090.31679507912
193088.31386880772
193088.5745340815
193093.32258367934
193091.86458331035
193093.28009839298
193091.37197638495
193088.47822702618
193093.26011202176
193089.0564199957
193087.1622276195
193091.07469586987
193089.75265591973
193084.11945419703
193088.5721089242
193083.56020454504
193079.00518931268
193093.03797900325
193093.2581897423
193093.20083719888
193048.73937618907
193090.93966577272
193030.93890291295
193082.19643361014
193089.17835707427
193086.03848455273
193091.94697282003
193092.59414593017
193090.89381558247
193052.65210694485
193093.31030529956
193068.92434963948
193091.99143497224
193092.1565896518
193093.3218045929
193092.5618856099
193093.1468969924
193092.9913977573
193088.19258295742
193090.8858838364
193092.66686622004
193058.24474101773
193091.66704605555
193076.53672311126
192562.22210353875
192619.31057414124
192335.6112092319
3638609.2787518045
193074.7904002746
191168.7160165569
192306.75937088425
190824.89849269466
193072.73539609156
193093.1572722806
193090.68109206177
193093.16155637137
193086.87632753004
193093.1134109986
193092.40520109594
193092.15649526505
193077.13161581263
193091.8268310048
193093.18780402062
193092.75227082937
193082.9538196149
193092.7117937124
193093.29559520746
193091.155322345
193082.57999900528
193087.14224327763
193093.27326710057
193092.93143061176
193092.02350942194
193093.00808810611
193090.5460678911
193092.83737108513
193093.30479219864
193092.61068649503
193093.14873931493
193092.12694111842
193093.1363255151
193090.809629266
193092.83575586093
193068.29148330085
193082.70938798328
193091.97894391316
193093.2695517291
193092.5271397091
193086.1492231114
193086.1603064403
193092.84521501197
193092.47720336838
193090.819397535
193090.43591866412
193093.3099098299
193055.42428010912
193063.206944916
193085.47179857243
193072.9211065202
193088.19292369514
193088.25226367405
193091.7437270096
193056.8184332706
193075.2841503067
193002.44887896068
193074.7904002746
4838268.110592798
190317.6988997946
191658.55235796634
189709.08737839875
193091.0058286053
193078.95762894096
193069.93194050025
193080.59526925677
193083.77254628824
193092.32944781083
193090.1092454957
193091.6767919916
193092.79013900325
193084.48072736117
193085.7512061477
193093.05937716566
193093.32636077504
193093.26453709224
193072.81145376503
193087.5645463571
193075.44865941402
193093.00642790188
193090.1251940635
193093.310008461
193091.9043432662
193090.74771113336
193044.11026935972
193077.18721909449
193089.85464654068
193082.56864974808
192969.8649596071
198622.36392658888
193089.64209229258
193091.94082005127
193085.22581507824
192991.88612324075
193091.2156833985
193091.9731921809
193092.92780589417
193090.13078137801
193070.21158004622
193091.67796999385
193065.01704569225
193069.58279537348
193067.40128402272
193052.11584512453
193086.07119135014
193052.60801736583
193073.82930146973
193085.79781276183
193076.73457983858
193071.75964594993
193087.16662141404
193040.97907733472
191332.48609706826
191148.73277356537
191474.08598844163
191168.7160165569
190317.6988997946
13608083.93308641
188231.86205485166
2681184.274573095
193085.1666716937
193091.740552228
193081.10088811434
193027.76999835589
193085.4198349882
193086.65298318074
193060.7909400719
193037.28176198283
193091.0251053337
193037.72682282346
193068.73241587743
193060.86622093443
193093.27596012715
193013.29422805164
193072.17197255464
193042.99686742897
193083.3502390596
193084.57304354923
192979.5315573972
193077.92309429706
193092.43991938175
193055.94024879724
193058.4909396966
193089.01260809542
193085.61092299447
193086.25252614942
193052.49211973272
193090.6156247814
193053.37377445464
193075.68144677576
193093.3256372705
192974.4585957019
193075.25081127818
192954.8184909777
193091.95789406556
192938.9458407681
192945.44690360504
193072.56438341705
193090.73719835636
193074.33335147356
193068.6303937636
193093.0756385414
193093.29557721099
193009.44417681286
193092.4867345765
193090.27668795173
193081.16673502512
192973.37334695784
193018.03966414413
192903.95968405096
192404.60775741452
192296.52801763813
192507.6092475635
192306.75937088425
191658.55235796634
188231.86205485166
10701099.182113504
2668409.3487215694
193057.07463564508
193081.7204644341
193084.0032613086
193057.22991181733
193035.57570710676
193093.1760882097
193084.8644199138
193091.5881140094
193092.33511415432
193077.95271546728
193090.12188930225
193092.34201837398
193093.30711113673
193093.3149900891
193089.64581014952
193083.50463363843
193093.30833929317
193017.1933205018
193093.32639006074
193062.4421762683
193013.6555077378
193061.12752818712
193002.89210324985
193073.7011029814
193081.64582365187
193074.46676893497
192925.67676796
193071.51773240976
193054.07128664714
193082.01356317344
193089.04998168297
192856.89388610906
193074.80695901482
192998.33764841827
193093.11365964933
192998.54126506843
193072.29394389957
193074.39388294186
193071.6898949774
193053.8954209144
193046.29040441243
193069.00672634057
193089.8670140543
192965.5878878206
193087.05506767012
193082.45621353906
193062.4760864718
192998.87788349064
193031.63849368028
192899.94735635532
191096.58545332195
190784.68402391847
191267.87653858756
190824.89849269466
189709.08737839875
2681184.274573095
2668409.3487215694
5118367.155625877
193086.81028646376
193089.86176844788
193070.52610749393
193092.50251953906
193081.84323093315
193088.79191567254
193090.51741703376
193055.58604453984
193093.21169995877
193087.91208658903
193089.18658590378
193071.0363509184
193093.32446582356
193053.33732749522
193071.30278615002
193038.17149727233
193088.11275773257
193073.5595481394
193037.3859199083
193044.6115686658
193038.27487562897
193086.63348578342
192106.7443260866
193030.9401861099
193092.8388217371
193072.68863808943
192935.6871138614
193093.2870671505
192690.91920044602
193060.5666564451
193067.6749806988
193042.77901185764
192927.4053407164
192825.27857697028
2182869.0561734797
191446.77471966567
189567.95017977996
192663.5414941942
193034.07223191092
193092.22467824788
193092.49903673815
193067.11626943035
193012.47967475405
193054.10319246253
192983.49097780904
193092.68373077418
193056.2329166087
193058.71681644223
193087.11405697087
193045.13718671075
193084.5039817381
193062.02465473066
193091.87675462564
193072.73539609156
193091.0058286053
193085.1666716937
193057.07463564508
193086.81028646376
3843727.1270434055
193079.85346548157
192781.62254606473
192694.53933936486
189438.05122180714
193090.34419488927
193086.39651441644
192882.62983947262
192882.95519071384
193092.21552774025
193063.85696384255
193093.30443154342
192562.84035054967
192902.62482941806
192991.62205836645
192437.83667151933
192923.0515518962
192998.20085530492
193055.01053000655
193037.19000897332
192981.79718724513
193093.22847753382
192975.7390568092
193084.292585221
193093.181410887
193091.05305326346
193079.82290217382
193074.21003906126
193060.83757054998
193088.02243279273
193090.10994733204
192862.7736902939
193089.02319774
1264195.9438150718
192885.70978257753
192823.94900402188
192992.7226502883
188811.43917733658
193072.54552014597
193082.3729416831
193079.84810895257
193078.23091757292
193089.9644030382
193038.7439253373
193031.82047225296
193038.30014028368
193093.16748566832
193088.36567529532
193084.91900525222
193077.33823961206
193083.12791989397
193074.9272150395
193093.24551797958
193093.1572722806
193078.95762894096
193091.740552228
193081.7204644341
193089.86176844788
193079.85346548157
5894917.9898059135
189693.0889002974
192446.96176924583
193076.96012024136
192721.46524164142
193089.7243395798
192857.226174867
192900.660823606
193082.11729035864
193087.49742393935
192964.03199041347
193077.60244343098
192824.97418123082
192913.38872027953
192930.79230886028
193093.288934774
193065.80511838646
193064.4307863304
193091.87110200946
193076.26244861342
193018.81029378672
192959.52254982607
193057.88059011448
193092.9239872844
193082.0938361677
193092.87772606732
193078.81784782224
192869.3485754406
192585.11172626284
192785.73941049335
193049.33282057193
193081.00458978754
188693.72506909544
192419.43151246707
193031.72410465372
193063.21455282893
2131818.8677154714
193040.40302540024
193073.71106251207
193034.72392465078
193071.95024507196
192959.56794785883
193072.15819235545
193082.87588413153
192925.11723040187
192675.29092275578
193065.66727942618
193087.58320345706
193078.95099326843
193083.74508352857
193093.16366945588
193091.84947091027
193090.68109206177
193069.93194050025
193081.10088811434
193084.0032613086
193070.52610749393
192781.62254606473
189693.0889002974
3692261.266766354
190763.57888440051
193080.63775854182
192964.29911482934
192658.47031441936
192462.91528258452
193084.8566156616
192938.63345650534
192570.66157361702
193007.87506408084
193088.57277605834
193033.15751534345
193087.48792222605
192987.92516586065
192923.7179223509
192935.95453782848
193016.12561338788
192953.78582462066
192974.75511164582
193086.07243078153
192715.78307870944
193080.16033008412
193093.16674611872
193089.17090984082
193074.42084881946
192733.7819131414
193054.18585896766
326169.0641277436
193053.62249006884
193091.77020766563
193093.12643330288
192677.71480726046
193090.52363265195
192953.12783491172
191316.98726598307
190570.35426021987
193036.34147687827
193067.40029612868
193060.70432000258
193087.28059264843
193069.4753085815
193088.75158418692
193076.99591641407
193092.9966029931
193091.99370286448
193078.61100290564
193041.5883608675
193070.2055521251
193087.0642396033
193087.97847605433
193089.03871413265
193093.16155637137
193080.59526925677
193027.76999835589
193057.22991181733
193092.50251953906
192694.53933936486
192446.96176924583
190763.57888440051
2293564.5696820314
191985.563193454
193093.3223412968
193004.1974449935
192857.07050637432
193091.53379388325
193012.06019823026
192875.41934151057
193092.9548719981
192955.40844021513
193034.95396263528
193077.33469565475
193093.0258917888
193070.2197510616
193015.44960230307
193093.26846148964
193091.028033609
193047.73353255435
193015.82763140285
192956.98005325638
193070.63062935203
193092.6944130776
193087.00262583254
192997.51463565783
192913.42110563538
193083.44154563235
193047.47750484644
193067.3548281467
193083.0631849353
297748.83664520516
192954.25379412877
190738.07165143776
191274.73504118068
1555072.4818374556
193086.9363726688
193073.590800106
193093.32170206844
193078.07519404168
193044.29649486425
193091.942569566
192927.6815314925
193077.57775659443
192846.9691678486
192440.87024192477
193088.6331991752
193065.45277252904
193075.81851012685
193092.75913097482
193092.57057447414
193076.55901692732
193086.87632753004
193083.77254628824
193085.4198349882
193035.57570710676
193081.84323093315
189438.05122180714
193076.96012024136
193080.63775854182
191985.563193454
2999062.569952031
193090.61046620848
193059.22040996386
193024.03400963685
193087.98999338775
193090.12300677475
193051.52302916397
193092.31911921242
193090.84476716045
193087.9479950871
193071.4935623999
193090.40110486196
193063.8957135492
193000.15138566034
193091.88138610814
193065.08095402305
193066.64402571914
193089.07573307506
193085.2057297661
193089.6097423177
193094.2509118916
193088.91493473484
193041.90434512132
193084.83048438103
193045.4416079038
193058.1433552269
2997225.794256789
193047.08488354445
193091.20386527388
192850.5157005119
193066.01207121628
193091.6096786457
193089.2690525693
192974.60622944697
193062.75941896893
193090.1768063725
193093.3116684708
193082.12369530243
193059.33625329673
193092.95775080376
193092.90608707126
193093.22933743795
193091.9732304772
193093.06411199254
193093.0090417255
193091.56084999946
193074.54384347473
193092.93380267598
193091.76736425541
193093.1134109986
193092.32944781083
193086.65298318074
193093.1760882097
193088.79191567254
193090.34419488927
192721.46524164142
192964.29911482934
193093.3223412968
193090.61046620848
5644322.424241678
193093.32114699672
676325.9851564512
193078.8388904911
1206078.3818825155
209870.46044428198
1719488.978503187
193476.26233711306
1048333.6649750491
538537.3151560229
193199.86767624377
193088.38811201064
193090.5297501522
193074.75638320268
193085.0557036015
193092.90353403604
193055.5919145557
192721.80704123873
193057.5781986144
193093.54375274363
193074.85828347248
193072.51679622603
193083.4837570203
193093.326319944
193055.5558188493
193071.79942564075
193013.45744673314
193092.22699825198
193080.910165045
193062.73679660802
193053.57513867537
193044.96670597294
192625.75208344433
193043.40571420116
193092.42449446005
193092.72142907648
193089.4297368874
193020.0809569312
193092.3841968965
193073.142088042
193091.8592958322
193089.5361367892
193091.1932534497
193087.30945756013
193089.49444542365
193082.984903738
193085.79936202546
193090.31679507912
193092.40520109594
193090.1092454957
193060.7909400719
193084.8644199138
193090.51741703376
193086.39651441644
193089.7243395798
192658.47031441936
193004.1974449935
193059.22040996386
193093.32114699672
3741978.453369087
654091.9485257155
638957.4440733942
1114118.8521226028
1117340.5388430033
602704.961203718
203925.12967358428
193092.89550431317
193009.8416814634
192877.05285820522
193091.74105997168
193093.30979967653
193080.350496882
193056.58180076836
193074.58095134338
193019.4244828227
192824.0163715189
193071.68659418498
193094.00309056943
193087.0390589482
193081.00255838662
193093.27064678769
193068.23020270068
193031.06829921954
490225.3117940568
193083.17194065856
193091.53202026503
192833.45548984723
193020.79323095252
192824.19159284938
192971.3990678621
192504.0497740202
193087.84463579775
193067.33129751222
193074.3973220114
193082.47075328202
193070.8578940844
193082.13996117027
193089.95258949857
193091.86143591386
193069.26819746243
193093.3198668097
193092.3278618252
193083.90507950567
193072.07124171147
193082.1972676183
193088.31386880772
193092.15649526505
193091.6767919916
193037.28176198283
193091.5881140094
193055.58604453984
192882.62983947262
192857.226174867
192462.91528258452
192857.07050637432
193024.03400963685
676325.9851564512
654091.9485257155
3340539.183088181
193092.1179407418
1081871.3800259072
199473.26968905158
403279.9935241106
193062.65884239698
582090.1482122
193091.9222496589
193042.54091089213
193035.7929047819
193047.51583611316
193089.90644050454
192990.12626798957
193092.15655427097
193093.0538666718
192875.81024916365
193083.62843651255
193093.7323857439
193091.40056327957
193092.33017795038
193009.70242494746
193084.61488169478
288278.6385980994
263348.26191402384
192866.86446769856
193090.66624631805
192858.79111452028
192808.69644051854
193086.4316921272
193092.1284737663
193092.48573647407
193089.10504861432
193089.38077048172
193084.84545849668
193075.22827063108
193083.879253871
193082.1114903315
193079.99780578085
193088.9284828423
193093.20912607003
193092.42015231188
193093.31409228404
193092.19729620512
193064.02884734294
193093.32225396752
193088.5745340815
193077.13161581263
193092.79013900325
193091.0251053337
193092.33511415432
193093.21169995877
192882.95519071384
192900.660823606
193084.8566156616
193091.53379388325
193087.98999338775
193078.8388904911
638957.4440733942
193092.1179407418
7307287.0115053775
563075.8635656122
1655812.3102089227
193078.79079654292
193091.43782277446
193066.65895525992
193003.7668285618
192905.70316158095
193079.48219207453
193093.2204416622
193092.01314549465
193088.61080645112
193092.99558882546
193075.1251028107
192850.71430275094
193070.00749357024
193094.27888339793
193082.8658429642
193070.43812111038
193040.6678439011
193085.19542963043
193031.21183089964
2622048.8587083896
193030.8270953587
193091.69501424802
193092.70322020422
193019.53593832618
192753.91226541088
193089.51028559866
192958.60088439082
193080.21629308918
193089.44039257854
193093.27193037287
193092.7748364845
193048.68356093374
193091.74177568464
193085.72937043416
193088.08234428577
193092.62985016545
193092.80399473582
193090.77349170082
193093.325872448
193092.61825466715
193087.1139367357
193093.32258367934
193091.8268310048
193084.48072736117
193037.72682282346
193077.95271546728
193087.91208658903
193092.21552774025
193082.11729035864
192938.63345650534
193012.06019823026
193090.12300677475
1206078.3818825155
1114118.8521226028
1081871.3800259072
563075.8635656122
4952149.783962694
1067445.7019281369
778482.2779020534
195618.0042443523
793241.1102281943
193714.92004632935
193048.37652360112
193046.61800716392
193074.50801745174
193091.37183375386
193047.57019232938
193087.7883966128
193069.801407109
192804.2389051491
193073.5684213462
193093.8874914704
193089.1747033008
193093.14198720557
193043.36102543285
193057.05379080464
193016.15180731536
405645.1029378142
192828.7557219136
193088.09236493064
193092.09296545456
193001.39261036986
193025.3723541969
193025.8268445073
192632.59570397946
193078.94200453235
193092.1199530558
193093.30228557732
193093.25086239874
193062.20521662734
193092.40941922262
193082.2887272111
193092.28872763904
193047.62830958472
193092.70538156372
193088.92370715478
193085.76990122476
193093.32527085143
193082.29871698318
193091.86458331035
193093.18780402062
193085.7512061477
193068.73241587743
193090.12188930225
193089.18658590378
193063.85696384255
193087.49742393935
192570.66157361702
192875.41934151057
193051.52302916397
209870.46044428198
1117340.5388430033
199473.26968905158
1655812.3102089227
1067445.7019281369
3262550.882580042
222248.467560697
271516.6683986273
193089.87538474932
193050.82814317293
192915.89192123845
193062.12828309124
193071.2919547186
193086.98447507818
193027.30540897892
193087.07935459708
193075.12944180268
193053.04370267317
193084.20564565453
193094.35874899203
193082.7333342811
193040.65869699692
193066.91322734847
192988.7057220788
193005.2706785632
2015773.6277330772
192967.51478619303
193081.44329982717
192957.40813656044
193092.03716187942
193076.8603593221
193091.67251322744
192909.61431055013
193045.90871209616
193089.8359076346
193093.15177636387
193050.3649917036
193041.69566514815
193084.94659896498
193093.32313019037
193070.15872450048
193079.68194029818
193093.13891879556
193090.41531369035
193092.04843071036
193081.57751429483
193092.84894788402
193093.28009839298
193092.75227082937
193093.05937716566
193060.86622093443
193092.34201837398
193071.0363509184
193093.30443154342
192964.03199041347
193007.87506408084
193092.9548719981
193092.31911921242
1719488.978503187
602704.961203718
403279.9935241106
193078.79079654292
778482.2779020534
222248.467560697
4914403.58224348
955237.4533621784
1648078.4310265013
304538.00931941567
193091.46178550777
193091.1367425651
193085.85047994592
193057.33158904605
193090.95604385991
193064.62635882373
193060.6427436619
192858.92740876772
193091.6887806105
193093.64083825366
193094.5101010623
193056.04082434162
193023.3993867168
192928.63522319292
192999.4545810922
193091.14595309505
193092.96391388736
193085.29652761185
193028.98835127882
192815.80072721725
192783.22310703865
193087.2987687494
193067.30581387
193090.10567715607
193080.94016896706
193071.67458146627
193093.29368140775
193084.72886853266
193089.33754335644
193088.669919883
193091.46791333257
193083.88310390338
193093.32488816458
193093.19986886435
193089.1640216056
193091.24371686397
193081.93068481024
193091.37197638495
193082.9538196149
193093.32636077504
193093.27596012715
193093.30711113673
193093.32446582356
192562.84035054967
193077.60244343098
193088.57277605834
192955.40844021513
193090.84476716045
193476.26233711306
203925.12967358428
193062.65884239698
193091.43782277446
195618.0042443523
271516.6683986273
955237.4533621784
18015843.69930967
193079.2389896354
193093.15268562196
193087.66537970328
193084.96506859237
193011.35412063706
193078.3919455685
193036.7834686483
193016.6639329863
193044.3171611178
192738.91144630796
193072.73758110197
193094.27736887021
193082.68456053245
192882.96405017155
193071.6465965192
193092.30708684865
192974.07733323175
1326645.1876981643
192884.75002721883
193086.4234523367
192751.80861618524
192943.94311506546
193088.54425898253
193091.3329575689
192950.50097771568
193065.57290515795
193075.7686912416
193087.45327603907
193034.9557094465
193072.14141595046
193082.1029224738
193084.12892512762
193080.75158419847
193093.32437273374
193093.1678018763
193084.61274287317
193093.1250429569
193055.37079674623
193088.70900569242
193088.47822702618
193092.7117937124
193093.26453709224
193013.29422805164
193093.3149900891
193053.33732749522
192902.62482941806
192824.97418123082
193033.15751534345
193034.95396263528
193087.9479950871
1048333.6649750491
193092.89550431317
582090.1482122
193066.65895525992
793241.1102281943
193089.87538474932
1648078.4310265013
193079.2389896354
3062677.8295044694
193093.28565329287
193071.0573446096
193082.38848495347
193087.44544036948
193083.09694222762
193049.6576152109
193092.49804516532
193093.2044851959
193079.50247225142
193092.6250534095
193093.970458369
193093.85615501562
193022.63735379107
193079.34731897598
193054.3863978957
193033.47195879917
440805.1817946886
192919.79843856703
193093.21863506254
192913.8689754311
192966.92580242516
193088.44174288242
193068.4003284087
193088.86665059207
193091.22916530614
193092.2579706486
193091.37022726014
193080.1976694978
193081.83109573898
193090.89846389904
193048.8192348114
193077.16956046602
193090.54422577994
194120.85201299432
193078.44007371334
193093.1683480743
193093.20951092814
193093.2572156336
193093.26011202176
193093.29559520746
193072.81145376503
193072.17197255464
193089.64581014952
193071.30278615002
192991.62205836645
192913.38872027953
193087.48792222605
193077.33469565475
193071.4935623999
538537.3151560229
193009.8416814634
193091.9222496589
193003.7668285618
193714.92004632935
193050.82814317293
304538.00931941567
193093.15268562196
193093.28565329287
4168929.666306771
1073347.8595783645
2067682.207252399
193092.06106770306
193067.52294708206
193085.1000646114
193089.82673490606
193074.4623860879
192951.56381979393
193092.76789389364
193093.8456282467
193093.13870628082
192901.19151170625
193079.86937890432
193069.9933911401
192967.9792640675
337390.71284108784
192725.37012082821
193093.07062821818
192950.5526337378
192500.60969428704
193090.3999827116
193092.67291304615
192995.26424169893
193093.1506499465
193085.60543487302
193084.20446128506
193072.9149494152
193087.31176913614
193092.59101394354
193042.09237361088
193073.50823352326
193086.41652992947
193091.65383453603
193050.60726466286
193088.05555719204
193076.82415606594
193092.79793840562
193089.0564199957
193091.155322345
193087.5645463571
193042.99686742897
193083.50463363843
193038.17149727233
192437.83667151933
192930.79230886028
192987.92516586065
193093.0258917888
193090.40110486196
193199.86767624377
192877.05285820522
193042.54091089213
192905.70316158095
193048.37652360112
192915.89192123845
193091.46178550777
193087.66537970328
193071.0573446096
1073347.8595783645
2081060.2101110097
193053.69282991314
193093.1033910914
193070.74486071154
193090.92263475212
193087.99539788868
193059.7518838983
192965.73944749392
193093.83991377547
193093.5557444545
193094.11284859755
193081.73181997557
193070.36891095433
193081.32620568646
192978.7119004387
193092.76747641506
193087.2092579467
193084.67134091898
193084.11853617078
192923.0775767792
193080.1463149195
193053.11976923875
192958.65958677203
193091.68452681572
193093.3188884297
193093.2756447057
193092.48633447947
193093.04711767015
193084.31271370663
193092.30942956358
193092.80387611006
193091.41518647692
198587.9709040486
193079.70893583354
196342.95977953522
193074.67460942295
193092.23738401555
193087.1622276195
193082.57999900528
193075.44865941402
193083.3502390596
193093.30833929317
193088.11275773257
192923.0515518962
193093.288934774
192923.7179223509
193070.2197510616
193063.8957135492
193088.38811201064
193091.74105997168
193035.7929047819
193079.48219207453
193046.61800716392
193062.12828309124
193091.1367425651
193084.96506859237
193082.38848495347
2067682.207252399
193053.69282991314
16073823.877196908
193089.0059503356
193093.26797488972
193081.5202306249
193093.19465428367
193086.22904878473
193084.94025554185
193092.93030774212
193092.5977662584
193090.53215251205
193093.26156564054
193085.16867584587
193061.72441395783
193081.7557075626
193093.30610621977
193073.649767126
193092.78840129386
193071.0178746514
193071.79357224185
193061.81167743786
192998.8803231472
192938.49572431156
193092.0400532531
193092.8181867605
193093.31472251864
193082.10175346833
193093.32589653064
193066.77246484207
193061.03400023474
193090.6074591588
193071.4533333842
193092.93350507028
193088.96539591756
193091.26483670837
193087.46451482628
193088.892050891
193091.07469586987
193087.14224327763
193093.00642790188
193084.57304354923
193017.1933205018
193073.5595481394
192998.20085530492
193065.80511838646
192935.95453782848
193015.44960230307
193000.15138566034
193090.5297501522
193093.30979967653
193047.51583611316
193093.2204416622
193074.50801745174
193071.2919547186
193085.85047994592
193011.35412063706
193087.44544036948
193092.06106770306
193093.1033910914
193089.0059503356
2222783.152308742
299663.1638238125
192913.0038948477
1033533.9535634455
193093.11311969592
193044.09208252176
193091.47136415896
193093.3098280302
193092.47670595773
193043.991226096
193091.32591698616
193092.74498145093
193073.1453110454
193073.23681694202
193090.98787119385
193087.9135672692
193064.8081257153
193084.13744389944
193093.15763518593
193092.09724679153
193013.61826793407
193091.44297256408
193090.21789017328
193089.3809651893
193089.20971102576
193090.51895191928
193072.04568797926
193092.62047919116
193093.32623837414
193091.825418633
193084.60389338664
193030.33561781415
193043.87115749734
193081.85804271145
193093.31903356468
193089.75265591973
193093.27326710057
193090.1251940635
192979.5315573972
193093.32639006074
193037.3859199083
193055.01053000655
193064.4307863304
193016.12561338788
193093.26846148964
193091.88138610814
193074.75638320268
193080.350496882
193089.90644050454
193092.01314549465
193091.37183375386
193086.98447507818
193057.33158904605
193078.3919455685
193083.09694222762
193067.52294708206
193070.74486071154
193093.26797488972
299663.1638238125
5069768.380176271
193051.07765917305
995604.3117593994
193091.5679554278
193089.54149481954
193092.44341520293
193093.3291439144
193090.36862796772
193074.3717824902
193072.52719574003
193092.9621306108
193093.2741157515
193093.28044924253
193088.50680527193
193089.37849101837
193081.64703665633
193071.1561896622
193081.61127885402
193056.63872697396
192963.77136559412
193091.33864980363
193090.753250274
193089.98223031146
193088.84626657882
193082.95335730448
193070.97550085
193081.5585828842
193067.85289320938
193059.7316992319
193092.11221113923
193093.0793573584
193092.09525792664
193063.99149317556
193090.24582951597
193084.11945419703
193092.93143061176
193093.310008461
193077.92309429706
193062.4421762683
193044.6115686658
193037.19000897332
193091.87110200946
192953.78582462066
193091.028033609
193065.08095402305
193085.0557036015
193056.58180076836
192990.12626798957
193088.61080645112
193047.57019232938
193027.30540897892
193090.95604385991
193036.7834686483
193049.6576152109
193085.1000646114
193090.92263475212
193081.5202306249
192913.0038948477
193051.07765917305
1772489.847490425
193079.40792594998
193092.80603711348
193092.94566382337
193092.60213544578
193092.38879620295
193090.23634686606
193086.56885466262
193093.31584000803
193052.7921965557
193092.39692295995
193093.3091247252
193090.16470749746
193089.20314473563
193046.7848666072
193084.21292198653
193072.0078199916
193074.85264846752
193008.87021072363
193090.4860337577
193093.2305375206
193093.32594018066
193093.11980820957
193091.1003613799
193092.93121170937
193088.49375311265
193091.5880759334
193087.801676682
193073.91557805237
193083.25122041444
193074.34301855048
193075.30823117777
193089.73275656978
193088.5721089242
193092.02350942194
193091.9043432662
193092.43991938175
193013.6555077378
193038.27487562897
192981.79718724513
193076.26244861342
192974.75511164582
193047.73353255435
193066.64402571914
193092.90353403604
193074.58095134338
193092.15655427097
193092.99558882546
193087.7883966128
193087.07935459708
193064.62635882373
193016.6639329863
193092.49804516532
193089.82673490606
193087.99539788868
193093.19465428367
1033533.9535634455
995604.3117593994
193079.40792594998
4556984.794485095
