[57701537.38062222]
[57702488.33280533]
[57703046.30470903]
[57703105.16502092]
[57703118.54869115]
[57600175.82585297]
[57702003.20198082]
[57606115.77702233]
[57664163.01362071]
[57678312.17084466]
[57665048.82708468]
[57699177.88345921]
[57687837.89954606]
[57697977.70974048]
[57699772.61744046]
[57683635.48788904]
[57541817.56148707]
[57703137.11289886]
[57603760.90344536]
[57594594.47562309]
[57700864.67232379]
[57698267.06403342]
[57572049.17754143]
[57591141.10958849]
[57350084.71163591]
[56776220.25861774]
[57425223.12915598]
[57572728.98805922]
[57444322.359735]
[57691644.94147136]
[57701874.38755647]
[57691569.47152813]
[57692221.28248261]
[57703086.73449329]
[57684082.58814804]
[57696812.04840228]
[57678046.37502342]
[57703083.073917]
[57698736.39102102]
[57481145.3759277]
[57267053.31067042]
[57678865.31032009]
[57627665.7929685]
[57698763.91224378]
[57703140.43712576]
[57702147.19687562]
[57697077.66584296]
[57700286.63309214]
[57684289.87327529]
[57702388.25776061]
[57695378.23308775]
[57631295.90179314]
[57676048.98767223]
[57666118.58004753]
[57672272.12760448]
[57693147.43691897]
[57701831.68462274]
[57660954.03650947]
