192674.18328334746
192223.66973448492
192962.51042351924
193093.3311624464
192950.53029658468
191830.72586746243
192797.3742672722
192693.26816165354
193037.4864354824
193080.75320691214
192464.62335333208
192783.36697422218
190289.94737814015
193052.82185618323
190323.6219167707
189761.74252038242
190027.3742155505
192548.99393272988
193008.72800239536
192824.91069312335
193083.30703306306
192880.8368595012
193089.1950207416
192017.20739643415
192703.20037894577
190608.46329646604
192939.78022304043
192700.50482781453
192749.57141727698
192856.52085486514
192911.4034358497
192665.05562569798
192912.69870673693
193049.44579470117
189976.5435477899
191552.07251218063
188321.64050429148
191884.0452801224
191785.63664998618
190206.84341437626
193069.39081260443
189937.4915838384
192391.66248189527
191928.32797821457
192331.1791141647
192884.58414245714
192402.49821379155
192217.42158501843
192942.15754108678
192932.02164582518
192662.22394015203
193063.46232463297
193092.54182186283
193048.60540205255
192948.8873473805
192568.59051766517
193092.12368159156
192856.74601021907
