214262556.80618942
214313538.41678104
214291886.7657154
214291708.18097234
214291809.09707943
213750474.32887304
214301513.62977666
214021450.27212358
214216208.29436025
214168234.9492627
214277063.59443945
214302474.88149843
214221039.45952615
214238265.12694293
214304259.75886506
214338470.45936784
213926311.80282313
214292000.29996586
214515564.61272928
214601262.7016065
214301965.51741832
214289069.93160668
213990879.4515817
214131074.1517264
214356668.28644708
213498466.12291563
214435969.2311145
213847585.46170023
214110595.43512246
214326969.48859245
214267842.0741182
214433409.43352968
214336275.69286415
214297276.90210918
214292214.2498268
214297791.0663456
214301509.50799978
214287767.88260525
214259683.65805605
213703903.03755423
213043772.989011
214302515.77255046
214222563.4273084
214325226.1415279
214291416.52131432
214275063.98084903
214231035.4868311
214297375.17186755
214356751.9814806
214305291.59437922
214285462.51426253
214173268.23854083
214256935.6523684
214348074.03317836
214212136.14937195
214261598.40116474
214306351.13588876
214134375.2252385
